1.000000000000000000e+00 6.362852343948759148e-02 nan 1.469976638903657040e+00 nan
1.115486563717287272e+00 7.086849442574891245e-02 nan 1.459264732985545265e+00 nan
1.244310273833801883e+00 7.891262972454697600e-02 nan 1.447200637717274141e+00 nan
1.388011391556984497e+00 8.785615760439552391e-02 nan 1.433891609801531075e+00 nan
1.548308057568350771e+00 9.776116422554806396e-02 nan 1.419156983079597367e+00 nan
1.727116834712707716e+00 1.087068984036936442e-01 nan 1.402643308931430965e+00 nan
1.926575623091956402e+00 1.208159243562680063e-01 nan 1.384425184232609851e+00 nan
2.149069221544338326e+00 1.341921290975423842e-01 nan 1.364144572190451044e+00 nan
2.397257841131079648e+00 1.489342603017347055e-01 nan 1.341563770792284949e+00 nan
2.674108911547630640e+00 1.650760225050012242e-01 nan 1.316852943157810429e+00 nan
2.982932560748042139e+00 1.827106418760904016e-01 nan 1.289556344959962964e+00 nan
3.327421191989241578e+00 2.019120589857893722e-01 nan 1.259683459840787556e+00 nan
3.711693631492160250e+00 2.227060646323977267e-01 nan 1.226926440934289708e+00 nan
4.140344374564529417e+00 2.450437558292507256e-01 nan 1.191290757235034192e+00 nan
4.618498518989188284e+00 2.688777419250709677e-01 nan 1.152771979609791941e+00 nan
5.151873042480629827e+00 2.941063371631333911e-01 nan 1.111146580773728409e+00 nan
5.746845156864444526e+00 3.205122555015555430e-01 nan 1.066599890861057887e+00 nan
6.410528556246055665e+00 3.478014572117611447e-01 nan 1.019398889500311434e+00 nan
7.150858470818454826e+00 3.756664937261759429e-01 nan 9.697753664381627559e-01 nan
7.976686543241933158e+00 4.037195905135940177e-01 nan 9.180922160365394546e-01 nan
8.897886661970872524e+00 4.314994212811535390e-01 nan 8.648556181743902727e-01 nan
9.925473016907774948e+00 4.588437565573705301e-01 nan 8.106167561318420312e-01 nan
1.107173178889910581e+01 4.848489354715237454e-01 nan 7.559889285296548245e-01 nan
1.235036804759852025e+01 5.087993315851002674e-01 nan 7.015995992059740338e-01 nan
1.377666961405945933e+01 5.313389095750605806e-01 nan 6.481590549727469508e-01 nan
1.536768984725555498e+01 5.510144619208220407e-01 nan 5.960868080047765361e-01 nan
1.714245153998814786e+01 5.691856328764498540e-01 nan 5.460588703830033808e-01 nan
1.912217436203149035e+01 5.849560360200821707e-01 nan 4.982516729539323563e-01 nan
2.133052856990532220e+01 5.989656984154750896e-01 nan 4.530215244560680254e-01 nan
2.379391801671711448e+01 6.124002374963319895e-01 nan 4.105268836288415990e-01 nan
2.654179584583861740e+01 6.224036737060478774e-01 nan 3.709760433539348590e-01 nan
2.960701664296029634e+01 6.294530154400019839e-01 nan 3.343918380633326137e-01 nan
3.302622925697632184e+01 6.360748760804635360e-01 nan 3.007536794702660998e-01 nan
3.684031498640386104e+01 6.437154467757303378e-01 nan 2.692897040148816146e-01 nan
4.109487637044613706e+01 6.475168264513834204e-01 nan 2.408860282089984040e-01 nan
4.584078242885569665e+01 6.511095733167752142e-01 nan 2.159876029989513668e-01 nan
5.113477686967605251e+01 6.554314061234305377e-01 nan 1.897971642736111519e-01 nan
5.704015653680517062e+01 6.566530078917250934e-01 nan 1.698815638938597772e-01 nan
6.362752820913694762e+01 6.592912903504631883e-01 nan 1.489248547475150453e-01 nan
7.097565279983494690e+01 6.612120829351000317e-01 nan 1.305633356747968321e-01 nan
7.917238704927916615e+01 6.623830827743210081e-01 nan 1.136434286043117581e-01 nan
8.831573397089549360e+01 6.635255838755841351e-01 nan 9.807769255121101537e-02 nan
9.851501460936432863e+01 6.647784728904213569e-01 nan 8.353868449602508406e-02 nan
1.098921751211581892e+02 6.646139647082959234e-01 nan 6.997874762397948700e-02 nan
1.225832448053190120e+02 6.655052302604878012e-01 nan 5.717158260638566247e-02 nan
1.367399625172003255e+02 6.663324375031746127e-01 nan 4.512760282730265970e-02 nan
1.525315909111425015e+02 6.662060702524077449e-01 nan 3.346945433075987353e-02 nan
1.701469402038013925e+02 6.666365629575279339e-01 nan 2.245398433169976116e-02 nan
1.897966256549491959e+02 6.664698936064845647e-01 nan 1.154213179970264846e-02 nan
2.117155857569756563e+02 6.662464996115254889e-01 nan 7.958905711955566176e-04 nan
2.361658912414414715e+02 6.663398586026447745e-01 nan -9.905267286977714747e-03 nan
2.634398784881462348e+02 6.663359469767945464e-01 nan -2.072587991783159111e-02 nan
2.938636448008419961e+02 6.660308985782206204e-01 nan -3.180279031599075878e-02 nan
3.278009473403284346e+02 6.654577970136450471e-01 nan -4.314536050924688837e-02 nan
3.656575523319344825e+02 6.651176625113773833e-01 nan -5.506639214945963090e-02 nan
4.078860865480237976e+02 6.644625289743361085e-01 nan -6.765691196113676753e-02 nan
4.549914490715472084e+02 6.639496926854190351e-01 nan -8.094603467458405532e-02 nan
5.075368480455694566e+02 6.631658572517414862e-01 nan -9.517559432267574948e-02 nan
5.661505345862553895e+02 6.619166524988892020e-01 nan -1.105213130321685000e-01 nan
6.315333143723273679e+02 6.606227443375974895e-01 nan -1.269895096600870410e-01 nan
7.044669267221761402e+02 6.588777531911764740e-01 nan -1.449633992303893670e-01 nan
7.858233913417984695e+02 6.567781268465583411e-01 nan -1.644391450048892089e-01 nan
8.765754344965280325e+02 6.543586547538604581e-01 nan -1.858084113655440461e-01 nan
9.778081192655203040e+02 6.512069025123283783e-01 nan -2.091063993716124614e-01 nan
1.090731818934358898e+03 6.473994763301871291e-01 nan -2.345995181504259008e-01 nan
1.216696688640194679e+03 6.427680152417560855e-01 nan -2.622919184925684988e-01 nan
1.357208808297453061e+03 6.371832797459693332e-01 nan -2.925828180032929993e-01 nan
1.513948189814560919e+03 6.305130942863912402e-01 nan -3.254613225734086512e-01 nan
1.688788863902252160e+03 6.224290730257868720e-01 nan -3.611886607889371881e-01 nan
1.883821286638343281e+03 6.127253718672055482e-01 nan -3.998475204368925340e-01 nan
2.101377333689684747e+03 6.013923416436546265e-01 nan -4.413004277179357615e-01 nan
2.344058181030902233e+03 5.881225050740377380e-01 nan -4.855956239289347387e-01 nan
2.614765405511556764e+03 5.728029923548927371e-01 nan -5.326369843852010177e-01 nan
2.916735677120926084e+03 5.553096972526501141e-01 nan -5.820057419118223052e-01 nan
3.253579457743237981e+03 5.356638747769507658e-01 nan -6.334961329740167457e-01 nan
3.629324169099159917e+03 5.138843774609458404e-01 nan -6.865814286292337698e-01 nan
4.048462346004517713e+03 4.902184204048700700e-01 nan -7.407192401186044606e-01 nan
4.516005350683407414e+03 4.648952133893733962e-01 nan -7.953313775251658058e-01 nan
5.037543290362717926e+03 4.382962392466535628e-01 nan -8.497518298358670563e-01 nan
5.619311854543786467e+03 4.107934147585801110e-01 nan -9.034033021222178661e-01 nan
6.268266871080866622e+03 3.829187072942845105e-01 nan -9.555845486764837915e-01 nan
6.992167472484909922e+03 3.549918011147402686e-01 nan -1.005833154248747974e+00 nan
7.799668866817983144e+03 3.275265425532736807e-01 nan -1.053908236565629153e+00 nan
8.700425822379502279e+03 3.009297854052534471e-01 nan -1.099198003145030356e+00 nan
9.705208103483266314e+03 2.753817002697209193e-01 nan -1.141719057203740562e+00 nan
1.082602923751572052e+04 2.511582769266360038e-01 nan -1.181746327929477758e+00 nan
1.207629015285929745e+04 2.284432806935376425e-01 nan -1.217887787466761296e+00 nan
1.347093940506593572e+04 2.072094216370414799e-01 nan -1.251472312201148185e+00 nan
1.502665190700077073e+04 1.875786351330730739e-01 nan -1.282294541649399378e+00 nan
1.676202829991611361e+04 1.695010053918522552e-01 nan -1.310095531013860892e+00 nan
1.869781734920535382e+04 1.529533602778483103e-01 nan -1.335863165230525951e+00 nan
2.085716402387856215e+04 1.378509504455298629e-01 nan -1.359070500317884012e+00 nan
2.326588622588412909e+04 1.241528638182540084e-01 nan -1.379840324337322954e+00 nan
2.595278347794885849e+04 1.116697086888876617e-01 nan -1.398572497612608601e+00 nan
2.894998126071596562e+04 1.004441669552364885e-01 nan -1.415674832728107901e+00 nan
3.229331511619592129e+04 9.020047630328077715e-02 nan -1.430668900420119627e+00 nan
3.602275911000492488e+04 8.102727504067497311e-02 nan -1.443948376922152832e+00 nan
4.018290377523500501e+04 7.275019594692457015e-02 nan -1.455907513731147240e+00 nan
4.482348925241932011e+04 6.525086219876699567e-02 nan -1.467098504647101898e+00 nan
4.999999999999999272e+04 5.860743282978835705e-02 nan -1.477267220503349243e+00 nan
