1.000000000000000000e+00 6.357474412707692091e-02 6.359894430308406232e-02 1.469987135695390634e+00 1.470090207256277814e+00
1.115486563717287272e+00 7.085713194588542929e-02 7.085021935819760253e-02 1.459162657403282992e+00 1.459383274400154917e+00
1.244310273833801883e+00 7.890001731781602634e-02 7.890088844994053163e-02 1.447328509668659891e+00 1.447296522279820863e+00
1.388011391556984497e+00 8.785232697157221993e-02 8.784618542468741742e-02 1.433957179725908304e+00 1.434043287741932460e+00
1.548308057568350771e+00 9.774298838341932694e-02 9.773012694137224454e-02 1.419186158658765962e+00 1.419157254935515589e+00
1.727116834712707716e+00 1.087081848966753583e-01 1.087158392613592067e-01 1.402724225263103364e+00 1.402697552227753164e+00
1.926575623091956402e+00 1.208157620479081706e-01 1.208172248790867209e-01 1.384285167392871330e+00 1.384455964117779381e+00
2.149069221544338326e+00 1.341914102406536746e-01 1.341703441324291757e-01 1.364074328362320898e+00 1.364104399047329608e+00
2.397257841131079648e+00 1.489077461071671160e-01 1.488920548408267652e-01 1.341791493639584942e+00 1.341596295431907393e+00
2.674108911547630640e+00 1.650651092053206370e-01 1.650564219345980466e-01 1.316945328535333637e+00 1.316816168417743960e+00
2.982932560748042139e+00 1.827029177447805353e-01 1.826925790748572254e-01 1.289574793855837953e+00 1.289605183287394041e+00
3.327421191989241578e+00 2.019094389576543691e-01 2.019113279347811152e-01 1.259638860096496060e+00 1.259715648412214506e+00
3.711693631492160250e+00 2.226864353454764411e-01 2.226848664259940547e-01 1.226985150120047052e+00 1.226955202323983585e+00
4.140344374564529417e+00 2.450196869724065862e-01 2.450422446549485322e-01 1.191282371064868784e+00 1.191338440616574346e+00
4.618498518989188284e+00 2.688675260000912282e-01 2.688626286937179088e-01 1.152691656220008909e+00 1.152714134746969599e+00
5.151873042480629827e+00 2.940731196003102954e-01 2.940337747298281124e-01 1.111066708909775436e+00 1.111106429720575051e+00
5.746845156864444526e+00 3.204619670269113763e-01 3.204162862164777748e-01 1.066616229120523229e+00 1.066625491567391393e+00
6.410528556246055665e+00 3.477662469213343988e-01 3.476808738731854143e-01 1.019385029609983562e+00 1.019454652518694715e+00
7.150858470818454826e+00 3.756360758143713063e-01 3.754000249278039991e-01 9.698569420474232317e-01 9.698832404542709895e-01
7.976686543241933158e+00 4.036645441241172305e-01 4.036681439814336358e-01 9.181660575324954721e-01 9.181683630516843664e-01
8.897886661970872524e+00 4.315051389695745421e-01 4.313287188424769214e-01 8.649483482248747634e-01 8.649196356179711387e-01
9.925473016907774948e+00 4.586497474816622066e-01 4.583332130915313551e-01 8.106132923034579107e-01 8.106349365518106254e-01
1.107173178889910581e+01 4.847747267030326213e-01 4.841612837072019615e-01 7.560096897633501456e-01 7.560339690588055994e-01
1.235036804759852025e+01 5.088665682916160282e-01 5.083865317371872861e-01 7.016474978759617009e-01 7.016715167984983736e-01
1.377666961405945933e+01 5.307370280706434906e-01 5.297551665193817039e-01 6.481331766054108101e-01 6.482532515163952347e-01
1.536768984725555498e+01 5.509507673347895373e-01 5.510734729174125990e-01 5.961164219039409851e-01 5.961254069439991810e-01
1.714245153998814786e+01 5.690743075347256541e-01 5.691721523761177348e-01 5.460533201336557063e-01 5.460579331764039424e-01
1.912217436203149035e+01 5.849165946366663427e-01 5.847084710608512204e-01 4.981881292672025729e-01 4.981970406798259532e-01
2.133052856990532220e+01 5.993175767350299443e-01 5.978421197849970170e-01 4.530406084061229244e-01 4.530291357297957511e-01
2.379391801671711448e+01 6.124060977801428773e-01 6.095021834217059231e-01 4.106586612936373726e-01 4.108332071124038976e-01
2.654179584583861740e+01 6.207891261984564979e-01 6.211840328433305691e-01 3.710046215201607822e-01 3.712222375446327938e-01
2.960701664296029634e+01 6.290969963947964372e-01 6.294200105320492122e-01 3.345396548356354138e-01 3.344608711946772672e-01
3.302622925697632184e+01 6.368428248542573611e-01 6.367327757312396530e-01 3.007255102600847607e-01 3.007006978247996898e-01
3.684031498640386104e+01 6.436982003976465805e-01 6.430063424431233798e-01 2.698068976377312467e-01 2.693941210111203688e-01
4.109487637044613706e+01 6.468553861312342779e-01 6.472079070910281562e-01 2.412965719027337919e-01 2.412038349143110771e-01
4.584078242885569665e+01 6.510159799402457370e-01 6.517635487955948381e-01 2.139873316497906686e-01 2.140342672014448056e-01
5.113477686967605251e+01 6.545469334824186580e-01 6.550302002068378870e-01 1.922374024307949014e-01 1.898470323168526264e-01
5.704015653680517062e+01 6.569108111137131889e-01 6.578137137212161090e-01 1.684791920073425153e-01 1.686189885030806579e-01
6.362752820913694762e+01 6.588123008909115841e-01 6.586266356489850482e-01 1.492559233363954796e-01 1.492329575276807319e-01
7.097565279983494690e+01 6.603344022669854763e-01 6.607278424891286361e-01 1.307579859259750954e-01 1.308676925082510323e-01
7.917238704927916615e+01 6.619902436758879904e-01 6.623839468211409898e-01 1.137330629833961382e-01 1.135715465881492747e-01
8.831573397089549360e+01 6.637168548675493884e-01 6.636511122797759121e-01 9.808794693404676579e-02 9.811623374235844963e-02
9.851501460936432863e+01 6.640063347616007583e-01 6.642044692974660158e-01 8.353436480750175974e-02 8.358560767451539419e-02
1.098921751211581892e+02 6.651118573030246894e-01 6.651766760095060294e-01 6.999022313844838195e-02 6.994698542013955134e-02
1.225832448053190120e+02 6.655328348777919123e-01 6.651378040206759046e-01 5.712512793550761359e-02 5.715684919174490730e-02
1.367399625172003255e+02 6.656650170691768009e-01 6.660590116322850918e-01 4.506539857254043824e-02 4.506588454158411139e-02
1.525315909111425015e+02 6.663447290286210745e-01 6.662567419342163566e-01 3.358376460016554432e-02 3.356716994679143085e-02
1.701469402038013925e+02 6.661309964973909370e-01 6.663843340564992168e-01 2.239675856417866484e-02 2.245215031160174846e-02
1.897966256549491959e+02 6.665879869925178669e-01 6.664051352832250918e-01 1.156674164773230373e-02 1.152668911080478864e-02
2.117155857569756563e+02 6.665201786180308119e-01 6.662792623992115359e-01 8.005171861444893011e-04 7.958408198556199409e-04
2.361658912414414715e+02 6.661752535548958187e-01 6.664359941625499495e-01 -9.955163023640967168e-03 -9.877214912227039179e-03
2.634398784881462348e+02 6.662248531199257418e-01 6.660535243686444007e-01 -2.070063376872521843e-02 -2.073762535931322759e-02
2.938636448008419961e+02 6.661162673314476868e-01 6.659071003477519124e-01 -3.178179450079632318e-02 -3.175751400807858005e-02
3.278009473403284346e+02 6.655350373906659955e-01 6.656663202220840514e-01 -4.316418656475384807e-02 -4.315588073498410893e-02
3.656575523319344825e+02 6.651932590301283810e-01 6.651858367322148746e-01 -5.515540573009047876e-02 -5.513631577130873040e-02
4.078860865480237976e+02 6.645585987626991820e-01 6.648015643039685285e-01 -6.763354361289986016e-02 -6.769331554073687585e-02
4.549914490715472084e+02 6.640604005270119847e-01 6.639768183863471451e-01 -8.094687411447409886e-02 -8.094755664006747509e-02
5.075368480455694566e+02 6.631103120124522965e-01 6.630159142668620165e-01 -9.517882777378705583e-02 -9.513240070543282911e-02
5.661505345862553895e+02 6.618319006824996409e-01 6.618827629934765922e-01 -1.105056323157356246e-01 -1.104631051723501400e-01
6.315333143723273679e+02 6.605134398951522101e-01 6.605726772148089454e-01 -1.270754739381869669e-01 -1.270488014237454166e-01
7.044669267221761402e+02 6.588797170321005758e-01 6.590108184213093745e-01 -1.450116385085160609e-01 -1.449625697208256625e-01
7.858233913417984695e+02 6.567805937051757192e-01 6.567784406937952069e-01 -1.644417619652100981e-01 -1.644822000120149674e-01
8.765754344965280325e+02 6.543184858328092712e-01 6.543586247055368510e-01 -1.858028731847083392e-01 -1.858371824312454734e-01
9.778081192655203040e+02 6.511568819435408217e-01 6.512888861959562625e-01 -2.091406091090055597e-01 -2.090867767205430994e-01
1.090731818934358898e+03 6.473597365362564471e-01 6.473762541821136418e-01 -2.345270116154409834e-01 -2.345542102921811534e-01
1.216696688640194679e+03 6.428805849110300619e-01 6.427431602542438283e-01 -2.622700030380347158e-01 -2.622932402200537361e-01
1.357208808297453061e+03 6.371581385378353168e-01 6.372363265320472037e-01 -2.925525180204537889e-01 -2.925276109200449781e-01
1.513948189814560919e+03 6.304253889664606092e-01 6.304950249538411322e-01 -3.255044012730694547e-01 -3.254748692491808981e-01
1.688788863902252160e+03 6.223755043508839568e-01 6.223573706113347814e-01 -3.612499709449430441e-01 -3.612720490489600422e-01
1.883821286638343281e+03 6.127276817402300679e-01 6.127873788032933700e-01 -3.998324174065146508e-01 -3.998166412932380176e-01
2.101377333689684747e+03 6.013612558645486939e-01 6.013475856146163201e-01 -4.412816372750452132e-01 -4.413124262641634488e-01
2.344058181030902233e+03 5.880475090790558967e-01 5.880917529487078577e-01 -4.856576166393304916e-01 -4.856215039562785662e-01
2.614765405511556764e+03 5.727733899325770928e-01 5.727893318314630777e-01 -5.325961142495874157e-01 -5.326067436125541121e-01
2.916735677120926084e+03 5.552816015796118165e-01 5.552949798576463092e-01 -5.820221517859351934e-01 -5.820077335033264632e-01
3.253579457743237981e+03 5.356296617193877507e-01 5.356286397188761983e-01 -6.335138222000189501e-01 -6.335421345545135807e-01
3.629324169099159917e+03 5.138646635485077940e-01 5.138662413634184079e-01 -6.866136133793592222e-01 -6.865892305775709303e-01
4.048462346004517713e+03 4.901936405715754952e-01 4.901837090000733532e-01 -7.407913048258460975e-01 -7.407835471010315587e-01
4.516005350683407414e+03 4.649233899314553775e-01 4.648471767056333026e-01 -7.953153694109609262e-01 -7.953783244526171359e-01
5.037543290362717926e+03 4.382801201690288972e-01 4.382533299841511187e-01 -8.497153238785273288e-01 -8.498172392664908870e-01
5.619311854543786467e+03 4.107968391445354084e-01 4.107669177744992517e-01 -9.034528279373752468e-01 -9.034398712682243371e-01
6.268266871080866622e+03 3.828561815182126016e-01 3.828797928153643837e-01 -9.556247262161878808e-01 -9.555650022848922731e-01
6.992167472484909922e+03 3.549837841116185722e-01 3.549872799455299210e-01 -1.005925661405495219e+00 -1.005922159131602101e+00
7.799668866817983144e+03 3.275642698348880666e-01 3.275516961696163243e-01 -1.053867484932894172e+00 -1.053951170085312583e+00
8.700425822379502279e+03 3.008905105067913865e-01 3.009156997715984327e-01 -1.099220049209371552e+00 -1.099051847613729649e+00
9.705208103483266314e+03 2.753678829771910030e-01 2.753976725951237103e-01 -1.141607802787728332e+00 -1.141703915978052208e+00
1.082602923751572052e+04 2.511645538899461849e-01 2.511599817133223222e-01 -1.181265588236430020e+00 -1.181299478926547408e+00
1.207629015285929745e+04 2.284195671696792052e-01 2.283972154885230421e-01 -1.217839824129587356e+00 -1.217888738817801908e+00
1.347093940506593572e+04 2.072147323804223451e-01 2.071954856487336905e-01 -1.251516693048984052e+00 -1.251489665204168489e+00
1.502665190700077073e+04 1.875597677876391367e-01 1.875922674780580168e-01 -1.282290997812458144e+00 -1.282121206081340503e+00
1.676202829991611361e+04 1.694989147542285135e-01 1.695080010708533980e-01 -1.310287273374321160e+00 -1.310340982883328564e+00
1.869781734920535382e+04 1.529384607483305347e-01 1.529585969580104232e-01 -1.335831082049427465e+00 -1.336079490803239622e+00
2.085716402387856215e+04 1.378576038863393305e-01 1.378338903655846881e-01 -1.358788760725063938e+00 -1.358541131435043070e+00
2.326588622588412909e+04 1.241001905576824271e-01 1.241346870379967660e-01 -1.380016848497561455e+00 -1.379785731880925681e+00
2.595278347794885849e+04 1.116885056246661873e-01 1.116726387991145569e-01 -1.398472058394210293e+00 -1.398869744738084009e+00
2.894998126071596562e+04 1.003885254425336410e-01 1.003968004342575271e-01 -1.415368536717620529e+00 -1.415012734591583055e+00
3.229331511619592129e+04 9.019337243121211545e-02 9.021039795733624966e-02 -1.431044966387855055e+00 -1.430847399356742322e+00
3.602275911000492488e+04 8.101773309918897104e-02 8.103229890012600412e-02 -1.443993551595304403e+00 -1.444202065205017149e+00
4.018290377523500501e+04 7.277582316901122506e-02 7.272023995508279659e-02 -1.455974589061998614e+00 -1.455839404169724460e+00
4.482348925241932011e+04 6.524945745881524650e-02 6.527555840194543268e-02 -1.468709840506230435e+00 -1.467071379957476829e+00
4.999999999999999272e+04 5.863107935678098237e-02 5.858403670737899471e-02 -1.477004962688668321e+00 -1.476775250993210165e+00
